description: Mids' Hero Designer Database MK II
version: 19.1021004
date: 2019-10-21T16:24:54.4692537-04:00
issue: 26
